Prime factors of solution to Fibonacci recurrence with various initial conditions, we assume F(0)=a and F(1)=b and F(n+1)=F(n-1)+F(n) 

-------------------------------------------------------------------------------------------------------------------------------------
a=0,b=0prime factors:
[0, 0, 0, 0, 0, 0, 0, 0, 0, 0, 0, 0, 0, 0, 0, 0, 0, 0, 0, 0, 0, 0, 0, 0, 0, 0, 0, 0, 0, 0, 0]
a=0,b=1prime factors:
[0, 1, 1, 2, 3, 5, 2, 13, 7, 17, 11, 89, 3, 233, 29, 61, 47, 1597, 19, 113, 41, 421, 199, 28657, 23, 3001, 521, 109, 281, 514229, 61]
a=0,b=2prime factors:
[0, 2, 2, 2, 3, 5, 2, 13, 7, 17, 11, 89, 3, 233, 29, 61, 47, 1597, 19, 113, 41, 421, 199, 28657, 23, 3001, 521, 109, 281, 514229, 61]
a=0,b=3prime factors:
[0, 3, 3, 3, 3, 5, 3, 13, 7, 17, 11, 89, 3, 233, 29, 61, 47, 1597, 19, 113, 41, 421, 199, 28657, 23, 3001, 521, 109, 281, 514229, 61]
a=0,b=4prime factors:
[0, 2, 2, 2, 3, 5, 2, 13, 7, 17, 11, 89, 3, 233, 29, 61, 47, 1597, 19, 113, 41, 421, 199, 28657, 23, 3001, 521, 109, 281, 514229, 61]
a=0,b=5prime factors:
[0, 5, 5, 5, 5, 5, 5, 13, 7, 17, 11, 89, 5, 233, 29, 61, 47, 1597, 19, 113, 41, 421, 199, 28657, 23, 3001, 521, 109, 281, 514229, 61]
a=0,b=6prime factors:
[0, 3, 3, 3, 3, 5, 3, 13, 7, 17, 11, 89, 3, 233, 29, 61, 47, 1597, 19, 113, 41, 421, 199, 28657, 23, 3001, 521, 109, 281, 514229, 61]
a=0,b=7prime factors:
[0, 7, 7, 7, 7, 7, 7, 13, 7, 17, 11, 89, 7, 233, 29, 61, 47, 1597, 19, 113, 41, 421, 199, 28657, 23, 3001, 521, 109, 281, 514229, 61]
a=0,b=8prime factors:
[0, 2, 2, 2, 3, 5, 2, 13, 7, 17, 11, 89, 3, 233, 29, 61, 47, 1597, 19, 113, 41, 421, 199, 28657, 23, 3001, 521, 109, 281, 514229, 61]
a=0,b=9prime factors:
[0, 3, 3, 3, 3, 5, 3, 13, 7, 17, 11, 89, 3, 233, 29, 61, 47, 1597, 19, 113, 41, 421, 199, 28657, 23, 3001, 521, 109, 281, 514229, 61]
a=1,b=0prime factors:
[1, 0, 1, 1, 2, 3, 5, 2, 13, 7, 17, 11, 89, 3, 233, 29, 61, 47, 1597, 19, 113, 41, 421, 199, 28657, 23, 3001, 521, 109, 281, 514229]
a=1,b=1prime factors:
[1, 1, 2, 3, 5, 2, 13, 7, 17, 11, 89, 3, 233, 29, 61, 47, 1597, 19, 113, 41, 421, 199, 28657, 23, 3001, 521, 109, 281, 514229, 61, 2417]
a=1,b=2prime factors:
[1, 2, 3, 5, 2, 13, 7, 17, 11, 89, 3, 233, 29, 61, 47, 1597, 19, 113, 41, 421, 199, 28657, 23, 3001, 521, 109, 281, 514229, 61, 2417, 2207]
a=1,b=3prime factors:
[1, 3, 2, 7, 11, 3, 29, 47, 19, 41, 199, 23, 521, 281, 31, 2207, 3571, 107, 9349, 2161, 211, 307, 461, 1103, 151, 90481, 5779, 14503, 19489, 2521, 3010349]
a=1,b=4prime factors:
[1, 2, 5, 3, 7, 23, 37, 5, 97, 157, 127, 137, 19, 269, 1741, 313, 53, 59, 11933, 1609, 4463, 50549, 8179, 1423, 214129, 2341, 560597, 6719, 1327, 463, 202231]
a=1,b=5prime factors:
[1, 5, 3, 11, 17, 7, 5, 73, 59, 191, 103, 5, 809, 17, 353, 149, 1109, 2243, 1613, 283, 613, 251, 1951, 3659, 787, 421493, 179, 1103483, 1785473, 103177, 57709]
a=1,b=6prime factors:
[1, 3, 7, 13, 5, 11, 53, 43, 139, 5, 13, 31, 953, 257, 499, 367, 71, 271, 349, 2767, 44771, 2683, 29303, 189653, 4721, 7523, 114769, 1759, 3529, 11941, 66343]
a=1,b=7prime factors:
[1, 7, 2, 5, 23, 19, 61, 11, 5, 37, 419, 113, 1097, 71, 359, 1549, 103, 79, 127, 3539, 3221, 1367, 134923, 383, 5987, 81649, 115597, 45343, 569, 1958707, 56093]
a=1,b=8prime factors:
[1, 2, 3, 17, 13, 43, 23, 7, 181, 293, 79, 59, 73, 251, 19, 751, 4253, 13763, 571, 563, 337, 179, 25439, 35281, 399601, 6217, 38747, 1692737, 1303, 4431643, 6113]
a=1,b=9prime factors:
[1, 3, 5, 19, 29, 3, 11, 5, 101, 109, 23, 107, 277, 83, 37, 5867, 863, 5, 857, 40213, 32533, 1847, 157, 263, 445969, 80177, 727, 377831, 3056717, 617, 1143227]
a=2,b=0prime factors:
[2, 0, 2, 2, 2, 3, 5, 2, 13, 7, 17, 11, 89, 3, 233, 29, 61, 47, 1597, 19, 113, 41, 421, 199, 28657, 23, 3001, 521, 109, 281, 514229]
a=2,b=1prime factors:
[2, 1, 3, 2, 7, 11, 3, 29, 47, 19, 41, 199, 23, 521, 281, 31, 2207, 3571, 107, 9349, 2161, 211, 307, 461, 1103, 151, 90481, 5779, 14503, 19489, 2521]
a=2,b=2prime factors:
[2, 2, 2, 3, 5, 2, 13, 7, 17, 11, 89, 3, 233, 29, 61, 47, 1597, 19, 113, 41, 421, 199, 28657, 23, 3001, 521, 109, 281, 514229, 61, 2417]
a=2,b=3prime factors:
[2, 3, 5, 2, 13, 7, 17, 11, 89, 3, 233, 29, 61, 47, 1597, 19, 113, 41, 421, 199, 28657, 23, 3001, 521, 109, 281, 514229, 61, 2417, 2207, 19801]
a=2,b=4prime factors:
[2, 2, 3, 5, 2, 13, 7, 17, 11, 89, 3, 233, 29, 61, 47, 1597, 19, 113, 41, 421, 199, 28657, 23, 3001, 521, 109, 281, 514229, 61, 2417, 2207]
a=2,b=5prime factors:
[2, 5, 7, 3, 19, 31, 5, 3, 131, 53, 7, 37, 449, 1453, 2351, 317, 1231, 433, 1151, 2897, 42187, 3413, 5813, 839, 144577, 6983, 503, 991, 1981891, 3206767, 70117]
a=2,b=6prime factors:
[2, 3, 2, 7, 11, 3, 29, 47, 19, 41, 199, 23, 521, 281, 31, 2207, 3571, 107, 9349, 2161, 211, 307, 461, 1103, 151, 90481, 5779, 14503, 19489, 2521, 3010349]
a=2,b=7prime factors:
[2, 7, 3, 2, 5, 41, 11, 107, 173, 7, 151, 733, 593, 101, 23, 157, 739, 1879, 3547, 97, 55717, 191, 48623, 236021, 38189, 2153, 10099, 101107, 2617513, 169409, 26561]
a=2,b=8prime factors:
[2, 2, 5, 3, 7, 23, 37, 5, 97, 157, 127, 137, 19, 269, 1741, 313, 53, 59, 11933, 1609, 4463, 50549, 8179, 1423, 214129, 2341, 560597, 6719, 1327, 463, 202231]
a=2,b=9prime factors:
[2, 3, 11, 5, 31, 17, 41, 19, 43, 29, 563, 911, 67, 53, 227, 223, 10103, 5449, 23, 42797, 69247, 9337, 16481, 29, 237313, 499, 30307, 2777, 650627, 1754561, 4258409]
a=3,b=0prime factors:
[3, 0, 3, 3, 3, 3, 5, 3, 13, 7, 17, 11, 89, 3, 233, 29, 61, 47, 1597, 19, 113, 41, 421, 199, 28657, 23, 3001, 521, 109, 281, 514229]
a=3,b=1prime factors:
[3, 1, 2, 5, 3, 7, 23, 37, 5, 97, 157, 127, 137, 19, 269, 1741, 313, 53, 59, 11933, 1609, 4463, 50549, 8179, 1423, 214129, 2341, 560597, 6719, 1327, 463]
a=3,b=2prime factors:
[3, 2, 5, 7, 3, 19, 31, 5, 3, 131, 53, 7, 37, 449, 1453, 2351, 317, 1231, 433, 1151, 2897, 42187, 3413, 5813, 839, 144577, 6983, 503, 991, 1981891, 3206767]
a=3,b=3prime factors:
[3, 3, 3, 3, 5, 3, 13, 7, 17, 11, 89, 3, 233, 29, 61, 47, 1597, 19, 113, 41, 421, 199, 28657, 23, 3001, 521, 109, 281, 514229, 61, 2417]
a=3,b=4prime factors:
[3, 2, 7, 11, 3, 29, 47, 19, 41, 199, 23, 521, 281, 31, 2207, 3571, 107, 9349, 2161, 211, 307, 461, 1103, 151, 90481, 5779, 14503, 19489, 2521, 3010349, 4481]
a=3,b=5prime factors:
[3, 5, 2, 13, 7, 17, 11, 89, 3, 233, 29, 61, 47, 1597, 19, 113, 41, 421, 199, 28657, 23, 3001, 521, 109, 281, 514229, 61, 2417, 2207, 19801, 3571]
a=3,b=6prime factors:
[3, 3, 3, 5, 3, 13, 7, 17, 11, 89, 3, 233, 29, 61, 47, 1597, 19, 113, 41, 421, 199, 28657, 23, 3001, 521, 109, 281, 514229, 61, 2417, 2207]
a=3,b=7prime factors:
[3, 7, 5, 17, 3, 11, 71, 23, 31, 43, 487, 197, 17, 2063, 1669, 491, 971, 101, 167, 37019, 149, 5701, 397, 277, 136849, 8627, 537413, 347821, 4283, 8689, 433351]
a=3,b=8prime factors:
[3, 2, 11, 19, 5, 7, 79, 2, 23, 67, 271, 877, 43, 41, 743, 6011, 1621, 15737, 25463, 103, 823, 811, 7933, 282389, 367, 92413, 1196219, 18089, 5381, 144779, 8199007]
a=3,b=9prime factors:
[3, 3, 3, 7, 11, 3, 29, 47, 19, 41, 199, 23, 521, 281, 31, 2207, 3571, 107, 9349, 2161, 211, 307, 461, 1103, 151, 90481, 5779, 14503, 19489, 2521, 3010349]
a=4,b=0prime factors:
[2, 0, 2, 2, 2, 3, 5, 2, 13, 7, 17, 11, 89, 3, 233, 29, 61, 47, 1597, 19, 113, 41, 421, 199, 28657, 23, 3001, 521, 109, 281, 514229]
a=4,b=1prime factors:
[2, 1, 5, 3, 11, 17, 7, 5, 73, 59, 191, 103, 5, 809, 17, 353, 149, 1109, 2243, 1613, 283, 613, 251, 1951, 3659, 787, 421493, 179, 1103483, 1785473, 103177]
a=4,b=2prime factors:
[2, 2, 3, 2, 7, 11, 3, 29, 47, 19, 41, 199, 23, 521, 281, 31, 2207, 3571, 107, 9349, 2161, 211, 307, 461, 1103, 151, 90481, 5779, 14503, 19489, 2521]
a=4,b=3prime factors:
[2, 3, 7, 5, 17, 3, 11, 71, 23, 31, 43, 487, 197, 17, 2063, 1669, 491, 971, 101, 167, 37019, 149, 5701, 397, 277, 136849, 8627, 537413, 347821, 4283, 8689]
a=4,b=4prime factors:
[2, 2, 2, 3, 5, 2, 13, 7, 17, 11, 89, 3, 233, 29, 61, 47, 1597, 19, 113, 41, 421, 199, 28657, 23, 3001, 521, 109, 281, 514229, 61, 2417]
a=4,b=5prime factors:
[2, 5, 3, 7, 23, 37, 5, 97, 157, 127, 137, 19, 269, 1741, 313, 53, 59, 11933, 1609, 4463, 50549, 8179, 1423, 214129, 2341, 560597, 6719, 1327, 463, 202231, 1367]
a=4,b=6prime factors:
[2, 3, 5, 2, 13, 7, 17, 11, 89, 3, 233, 29, 61, 47, 1597, 19, 113, 41, 421, 199, 28657, 23, 3001, 521, 109, 281, 514229, 61, 2417, 2207, 19801]
a=4,b=7prime factors:
[2, 7, 11, 3, 29, 47, 19, 41, 199, 23, 521, 281, 31, 2207, 3571, 107, 9349, 2161, 211, 307, 461, 1103, 151, 90481, 5779, 14503, 19489, 2521, 3010349, 4481, 9901]
a=4,b=8prime factors:
[2, 2, 3, 5, 2, 13, 7, 17, 11, 89, 3, 233, 29, 61, 47, 1597, 19, 113, 41, 421, 199, 28657, 23, 3001, 521, 109, 281, 514229, 61, 2417, 2207]
a=4,b=9prime factors:
[2, 3, 13, 11, 7, 19, 23, 149, 241, 13, 631, 1021, 59, 11, 173, 3499, 67, 197, 7411, 181, 11087, 20929, 203183, 19, 26597, 95633, 2039, 1126667, 520853, 393287, 347]
a=5,b=0prime factors:
[5, 0, 5, 5, 5, 5, 5, 5, 13, 7, 17, 11, 89, 5, 233, 29, 61, 47, 1597, 19, 113, 41, 421, 199, 28657, 23, 3001, 521, 109, 281, 514229]
a=5,b=1prime factors:
[5, 1, 3, 7, 13, 5, 11, 53, 43, 139, 5, 13, 31, 953, 257, 499, 367, 71, 271, 349, 2767, 44771, 2683, 29303, 189653, 4721, 7523, 114769, 1759, 3529, 11941]
a=5,b=2prime factors:
[5, 2, 7, 3, 2, 5, 41, 11, 107, 173, 7, 151, 733, 593, 101, 23, 157, 739, 1879, 3547, 97, 55717, 191, 48623, 236021, 38189, 2153, 10099, 101107, 2617513, 169409]
a=5,b=3prime factors:
[5, 3, 2, 11, 19, 5, 7, 79, 2, 23, 67, 271, 877, 43, 41, 743, 6011, 1621, 15737, 25463, 103, 823, 811, 7933, 282389, 367, 92413, 1196219, 18089, 5381, 144779]
a=5,b=4prime factors:
[5, 2, 3, 13, 11, 7, 19, 23, 149, 241, 13, 631, 1021, 59, 11, 173, 3499, 67, 197, 7411, 181, 11087, 20929, 203183, 19, 26597, 95633, 2039, 1126667, 520853, 393287]
a=5,b=5prime factors:
[5, 5, 5, 5, 5, 5, 13, 7, 17, 11, 89, 5, 233, 29, 61, 47, 1597, 19, 113, 41, 421, 199, 28657, 23, 3001, 521, 109, 281, 514229, 61, 2417]
a=5,b=6prime factors:
[5, 3, 11, 17, 7, 5, 73, 59, 191, 103, 5, 809, 17, 353, 149, 1109, 2243, 1613, 283, 613, 251, 1951, 3659, 787, 421493, 179, 1103483, 1785473, 103177, 57709, 881]
a=5,b=7prime factors:
[5, 7, 3, 19, 31, 5, 3, 131, 53, 7, 37, 449, 1453, 2351, 317, 1231, 433, 1151, 2897, 42187, 3413, 5813, 839, 144577, 6983, 503, 991, 1981891, 3206767, 70117, 37313]
a=5,b=8prime factors:
[5, 2, 13, 7, 17, 11, 89, 3, 233, 29, 61, 47, 1597, 19, 113, 41, 421, 199, 28657, 23, 3001, 521, 109, 281, 514229, 61, 2417, 2207, 19801, 3571, 141961]
a=5,b=9prime factors:
[5, 3, 7, 23, 37, 5, 97, 157, 127, 137, 19, 269, 1741, 313, 53, 59, 11933, 1609, 4463, 50549, 8179, 1423, 214129, 2341, 560597, 6719, 1327, 463, 202231, 1367, 8863]
a=6,b=0prime factors:
[3, 0, 3, 3, 3, 3, 5, 3, 13, 7, 17, 11, 89, 3, 233, 29, 61, 47, 1597, 19, 113, 41, 421, 199, 28657, 23, 3001, 521, 109, 281, 514229]
a=6,b=1prime factors:
[3, 1, 7, 2, 5, 23, 19, 61, 11, 5, 37, 419, 113, 1097, 71, 359, 1549, 103, 79, 127, 3539, 3221, 1367, 134923, 383, 5987, 81649, 115597, 45343, 569, 1958707]
a=6,b=2prime factors:
[3, 2, 2, 5, 3, 7, 23, 37, 5, 97, 157, 127, 137, 19, 269, 1741, 313, 53, 59, 11933, 1609, 4463, 50549, 8179, 1423, 214129, 2341, 560597, 6719, 1327, 463]
a=6,b=3prime factors:
[3, 3, 3, 3, 7, 11, 3, 29, 47, 19, 41, 199, 23, 521, 281, 31, 2207, 3571, 107, 9349, 2161, 211, 307, 461, 1103, 151, 90481, 5779, 14503, 19489, 2521]
a=6,b=4prime factors:
[3, 2, 5, 7, 3, 19, 31, 5, 3, 131, 53, 7, 37, 449, 1453, 2351, 317, 1231, 433, 1151, 2897, 42187, 3413, 5813, 839, 144577, 6983, 503, 991, 1981891, 3206767]
a=6,b=5prime factors:
[3, 5, 11, 2, 3, 43, 7, 113, 61, 37, 479, 31, 19, 2029, 67, 83, 191, 13907, 11251, 1583, 269, 2383, 2003, 4091, 389, 1399, 1871, 106903, 8311, 4478011, 27239]
a=6,b=6prime factors:
[3, 3, 3, 3, 5, 3, 13, 7, 17, 11, 89, 3, 233, 29, 61, 47, 1597, 19, 113, 41, 421, 199, 28657, 23, 3001, 521, 109, 281, 514229, 61, 2417]
a=6,b=7prime factors:
[3, 7, 13, 5, 11, 53, 43, 139, 5, 13, 31, 953, 257, 499, 367, 71, 271, 349, 2767, 44771, 2683, 29303, 189653, 4721, 7523, 114769, 1759, 3529, 11941, 66343, 342679]
a=6,b=8prime factors:
[3, 2, 7, 11, 3, 29, 47, 19, 41, 199, 23, 521, 281, 31, 2207, 3571, 107, 9349, 2161, 211, 307, 461, 1103, 151, 90481, 5779, 14503, 19489, 2521, 3010349, 4481]
a=6,b=9prime factors:
[3, 3, 5, 3, 13, 7, 17, 11, 89, 3, 233, 29, 61, 47, 1597, 19, 113, 41, 421, 199, 28657, 23, 3001, 521, 109, 281, 514229, 61, 2417, 2207, 19801]
a=7,b=0prime factors:
[7, 0, 7, 7, 7, 7, 7, 7, 13, 7, 17, 11, 89, 7, 233, 29, 61, 47, 1597, 19, 113, 41, 421, 199, 28657, 23, 3001, 521, 109, 281, 514229]
a=7,b=1prime factors:
[7, 1, 2, 3, 17, 13, 43, 23, 7, 181, 293, 79, 59, 73, 251, 19, 751, 4253, 13763, 571, 563, 337, 179, 25439, 35281, 399601, 6217, 38747, 1692737, 1303, 4431643]
a=7,b=2prime factors:
[7, 2, 3, 11, 5, 31, 17, 41, 19, 43, 29, 563, 911, 67, 53, 227, 223, 10103, 5449, 23, 42797, 69247, 9337, 16481, 29, 237313, 499, 30307, 2777, 650627, 1754561]
a=7,b=3prime factors:
[7, 3, 5, 13, 23, 3, 59, 19, 11, 83, 31, 163, 211, 569, 1381, 109, 1033, 13, 1721, 30631, 24781, 26731, 25951, 719, 3733, 9643, 444677, 287801, 9203, 34883, 141761]
a=7,b=4prime factors:
[7, 2, 11, 5, 13, 41, 67, 3, 7, 283, 229, 19, 109, 97, 73, 1693, 587, 13297, 331, 967, 79, 91139, 6703, 15907, 7879, 293, 1010747, 545141, 3727, 225347, 32833]
a=7,b=5prime factors:
[7, 5, 3, 17, 29, 23, 5, 11, 7, 317, 19, 83, 79, 53, 293, 5689, 263, 677, 277, 38993, 15773, 1201, 18353, 133631, 379, 22571, 18869, 691, 607, 761, 2143]
a=7,b=6prime factors:
[7, 3, 13, 19, 2, 17, 83, 67, 31, 13, 71, 919, 1487, 401, 229, 6299, 13, 239, 26683, 21587, 69857, 661, 22861, 103, 937, 129121, 6563, 1559, 25639, 10859, 1699]
a=7,b=7prime factors:
[7, 7, 7, 7, 7, 7, 13, 7, 17, 11, 89, 7, 233, 29, 61, 47, 1597, 19, 113, 41, 421, 199, 28657, 23, 3001, 521, 109, 281, 514229, 61, 2417]
a=7,b=8prime factors:
[7, 2, 5, 23, 19, 61, 11, 5, 37, 419, 113, 1097, 71, 359, 1549, 103, 79, 127, 3539, 3221, 1367, 134923, 383, 5987, 81649, 115597, 45343, 569, 1958707, 56093, 379849]
a=7,b=9prime factors:
[7, 3, 2, 5, 41, 11, 107, 173, 7, 151, 733, 593, 101, 23, 157, 739, 1879, 3547, 97, 55717, 191, 48623, 236021, 38189, 2153, 10099, 101107, 2617513, 169409, 26561, 583577]
a=8,b=0prime factors:
[2, 0, 2, 2, 2, 3, 5, 2, 13, 7, 17, 11, 89, 3, 233, 29, 61, 47, 1597, 19, 113, 41, 421, 199, 28657, 23, 3001, 521, 109, 281, 514229]
a=8,b=1prime factors:
[2, 1, 3, 5, 19, 29, 3, 11, 5, 101, 109, 23, 107, 277, 83, 37, 5867, 863, 5, 857, 40213, 32533, 1847, 157, 263, 445969, 80177, 727, 377831, 3056717, 617]
a=8,b=2prime factors:
[2, 2, 5, 3, 11, 17, 7, 5, 73, 59, 191, 103, 5, 809, 17, 353, 149, 1109, 2243, 1613, 283, 613, 251, 1951, 3659, 787, 421493, 179, 1103483, 1785473, 103177]
a=8,b=3prime factors:
[2, 3, 11, 7, 5, 13, 2, 103, 167, 5, 23, 101, 13, 617, 599, 2423, 7841, 4229, 1283, 73, 241, 4831, 12791, 2347, 9209, 198673, 2393, 491, 1601, 54469, 3083]
a=8,b=4prime factors:
[2, 2, 3, 2, 7, 11, 3, 29, 47, 19, 41, 199, 23, 521, 281, 31, 2207, 3571, 107, 9349, 2161, 211, 307, 461, 1103, 151, 90481, 5779, 14503, 19489, 2521]
a=8,b=5prime factors:
[2, 5, 13, 3, 31, 7, 5, 43, 19, 13, 547, 59, 179, 331, 163, 337, 151, 15881, 73, 13859, 67273, 311, 176123, 7307, 57637, 746069, 131, 4019, 26119, 10289, 39779]
a=8,b=6prime factors:
[2, 3, 7, 5, 17, 3, 11, 71, 23, 31, 43, 487, 197, 17, 2063, 1669, 491, 971, 101, 167, 37019, 149, 5701, 397, 277, 136849, 8627, 537413, 347821, 4283, 8689]
a=8,b=7prime factors:
[2, 7, 5, 11, 37, 59, 3, 31, 251, 29, 73, 1063, 43, 23, 79, 3643, 11789, 109, 643, 49939, 80803, 65371, 1567, 37, 647, 409, 483317, 829, 10177, 91673, 271]
a=8,b=8prime factors:
[2, 2, 2, 3, 5, 2, 13, 7, 17, 11, 89, 3, 233, 29, 61, 47, 1597, 19, 113, 41, 421, 199, 28657, 23, 3001, 521, 109, 281, 514229, 61, 2417]
a=8,b=9prime factors:
[2, 3, 17, 13, 43, 23, 7, 181, 293, 79, 59, 73, 251, 19, 751, 4253, 13763, 571, 563, 337, 179, 25439, 35281, 399601, 6217, 38747, 1692737, 1303, 4431643, 6113, 103591]
a=9,b=0prime factors:
[3, 0, 3, 3, 3, 3, 5, 3, 13, 7, 17, 11, 89, 3, 233, 29, 61, 47, 1597, 19, 113, 41, 421, 199, 28657, 23, 3001, 521, 109, 281, 514229]
a=9,b=1prime factors:
[3, 1, 5, 11, 7, 2, 53, 17, 23, 223, 19, 73, 7, 139, 1237, 4003, 127, 131, 547, 27437, 151, 659, 4649, 2137, 33809, 28961, 157, 257791, 5227, 52727, 5460101]
a=9,b=2prime factors:
[3, 2, 11, 13, 3, 37, 61, 7, 53, 257, 13, 673, 11, 881, 2851, 659, 311, 929, 19541, 15809, 17053, 61, 761, 373, 37, 9151, 918011, 1485373, 419, 20149, 11503]
a=9,b=3prime factors:
[3, 3, 3, 5, 3, 7, 23, 37, 5, 97, 157, 127, 137, 19, 269, 1741, 313, 53, 59, 11933, 1609, 4463, 50549, 8179, 1423, 214129, 2341, 560597, 6719, 1327, 463]
a=9,b=4prime factors:
[3, 2, 13, 17, 5, 47, 11, 31, 67, 13, 263, 37, 17, 557, 103, 307, 13, 15271, 24709, 1999, 21563, 131, 12097, 197, 167, 97, 105527, 1878209, 506501, 983443, 139]
a=9,b=5prime factors:
[3, 5, 7, 19, 11, 13, 17, 137, 37, 359, 83, 47, 13, 107, 181, 379, 139, 4217, 557, 79, 11909, 1217, 187069, 2441, 97, 929, 1409, 1193, 7127, 4423, 15391]
a=9,b=6prime factors:
[3, 3, 5, 7, 3, 19, 31, 5, 3, 131, 53, 7, 37, 449, 1453, 2351, 317, 1231, 433, 1151, 2897, 42187, 3413, 5813, 839, 144577, 6983, 503, 991, 1981891, 3206767]
a=9,b=7prime factors:
[3, 7, 2, 23, 13, 31, 101, 163, 11, 61, 691, 43, 67, 2927, 37, 97, 4133, 1433, 227, 991, 3541, 137507, 821, 179999, 1061, 10357, 95311, 1511, 359, 3229951, 10452341]
a=9,b=8prime factors:
[3, 2, 17, 5, 7, 67, 109, 11, 19, 461, 373, 71, 31, 79, 5113, 8273, 97, 179, 163, 443, 257, 2801, 1447, 77731, 23291, 127189, 1187, 242171, 821, 410243, 74731]
a=9,b=9prime factors:
[3, 3, 3, 3, 5, 3, 13, 7, 17, 11, 89, 3, 233, 29, 61, 47, 1597, 19, 113, 41, 421, 199, 28657, 23, 3001, 521, 109, 281, 514229, 61, 2417]
